0000_0110_0_1011_0000_0000_00000_000_000
0000_0110_0_0110_0110_1001_01000_011_000
0000_1110_0_0000_0110_1011_00000_000_000
00001111000000000000000000000000
00001111000000000000000000000000
00001111000000000000000000000000
00001111000000000000000000000000
00001111000000000000000000000000

0000_0110_0_1011_0000000000000000000
00000110001100110100101000011000
00001110000000110101100000000000
00001111000000000000000000000000
00001111000000000000000000000000
00001111000000000000000000000000
00001111000000000000000000000000
00001111000000000000000000000000
